w_bin,q2_bin,w,q2,xs_bosted,xs_keppel
1,1,1.15925e+00,1.82500e+00,1.66275e-02,2.45135e-03
2,1,1.17775e+00,1.82500e+00,2.56044e-02,3.86099e-03
3,1,1.19625e+00,1.82500e+00,3.42028e-02,5.67181e-03
4,1,1.21475e+00,1.82500e+00,3.78421e-02,7.07146e-03
5,1,1.23325e+00,1.82500e+00,3.55890e-02,7.18008e-03
6,1,1.25175e+00,1.82500e+00,3.11230e-02,6.44671e-03
7,1,1.27025e+00,1.82500e+00,2.73675e-02,5.67374e-03
8,1,1.28875e+00,1.82500e+00,2.50746e-02,5.14205e-03
9,1,1.30725e+00,1.82500e+00,2.40075e-02,4.84703e-03
10,1,1.32575e+00,1.82500e+00,2.37231e-02,4.72918e-03
11,1,1.34425e+00,1.82500e+00,2.38451e-02,4.73904e-03
12,1,1.36275e+00,1.82500e+00,2.41509e-02,4.84529e-03
13,1,1.38125e+00,1.82500e+00,2.45896e-02,5.03228e-03
14,1,1.39975e+00,1.82500e+00,2.52633e-02,5.29906e-03
15,1,1.41825e+00,1.82500e+00,2.64145e-02,5.66259e-03
16,1,1.43675e+00,1.82500e+00,2.84655e-02,6.16914e-03
17,1,1.45525e+00,1.82500e+00,3.21053e-02,6.91508e-03
18,1,1.47375e+00,1.82500e+00,3.80035e-02,8.04173e-03
19,1,1.49225e+00,1.82500e+00,4.41548e-02,9.43647e-03
20,1,1.51075e+00,1.82500e+00,4.40179e-02,1.00379e-02
21,1,1.52925e+00,1.82500e+00,3.84290e-02,9.40349e-03
22,1,1.54775e+00,1.82500e+00,3.36271e-02,8.68797e-03
23,1,1.56625e+00,1.82500e+00,3.10011e-02,8.34129e-03
24,1,1.58475e+00,1.82500e+00,2.99608e-02,8.28304e-03
25,1,1.60325e+00,1.82500e+00,3.00298e-02,8.41720e-03
26,1,1.62175e+00,1.82500e+00,3.10483e-02,8.70876e-03
27,1,1.64025e+00,1.82500e+00,3.30599e-02,9.17654e-03
28,1,1.65875e+00,1.82500e+00,3.60727e-02,9.87249e-03
29,1,1.67725e+00,1.82500e+00,3.93749e-02,1.07519e-02
30,1,1.69575e+00,1.82500e+00,4.05504e-02,1.13400e-02
31,1,1.71425e+00,1.82500e+00,3.82094e-02,1.11446e-02
32,1,1.73275e+00,1.82500e+00,3.48576e-02,1.06249e-02
33,1,1.75125e+00,1.82500e+00,3.23916e-02,1.02496e-02
34,1,1.76975e+00,1.82500e+00,3.09014e-02,1.00626e-02
35,1,1.78825e+00,1.82500e+00,3.00425e-02,9.99791e-03
36,1,1.80675e+00,1.82500e+00,2.95371e-02,1.00021e-02
37,1,1.82525e+00,1.82500e+00,2.92084e-02,1.00435e-02
38,1,1.84375e+00,1.82500e+00,2.89444e-02,1.01038e-02
39,1,1.86225e+00,1.82500e+00,2.86723e-02,1.01723e-02
40,1,1.88075e+00,1.82500e+00,2.83456e-02,1.02426e-02
41,1,1.89925e+00,1.82500e+00,2.79393e-02,1.03105e-02
42,1,1.91775e+00,1.82500e+00,2.74468e-02,1.03732e-02
43,1,1.93625e+00,1.82500e+00,2.68763e-02,1.04292e-02
44,1,1.95475e+00,1.82500e+00,2.62459e-02,1.04769e-02
45,1,1.97325e+00,1.82500e+00,2.55772e-02,1.05155e-02
46,1,1.99175e+00,1.82500e+00,2.48910e-02,1.05444e-02
47,1,2.01025e+00,1.82500e+00,2.42040e-02,1.05631e-02
48,1,2.02875e+00,1.82500e+00,2.35275e-02,1.05714e-02
49,1,2.04725e+00,1.82500e+00,2.28681e-02,1.05690e-02
50,1,2.06575e+00,1.82500e+00,2.22287e-02,1.05556e-02
51,1,2.08425e+00,1.82500e+00,2.16095e-02,1.05314e-02
52,1,2.10275e+00,1.82500e+00,2.10092e-02,1.04962e-02
53,1,2.12125e+00,1.82500e+00,2.04258e-02,1.04500e-02
54,1,2.13975e+00,1.82500e+00,1.98568e-02,1.03930e-02
55,1,2.15825e+00,1.82500e+00,1.93002e-02,1.03251e-02
56,1,2.17675e+00,1.82500e+00,1.87537e-02,1.02465e-02
57,1,2.19525e+00,1.82500e+00,1.82157e-02,1.01573e-02
58,1,2.21375e+00,1.82500e+00,1.76848e-02,1.00577e-02
59,1,2.23225e+00,1.82500e+00,1.71598e-02,9.94780e-03
60,1,2.25075e+00,1.82500e+00,1.66401e-02,9.82777e-03
61,1,2.26925e+00,1.82500e+00,1.61249e-02,9.69781e-03
62,1,2.28775e+00,1.82500e+00,1.56139e-02,9.55812e-03
63,1,2.30625e+00,1.82500e+00,1.51070e-02,9.40890e-03
64,1,2.32475e+00,1.82500e+00,1.46040e-02,9.25036e-03
65,1,2.34325e+00,1.82500e+00,1.41051e-02,9.08272e-03
66,1,2.36175e+00,1.82500e+00,1.36102e-02,8.90622e-03
67,1,2.38025e+00,1.82500e+00,1.31197e-02,8.72106e-03
68,1,2.39875e+00,1.82500e+00,1.26337e-02,8.52747e-03
69,1,2.41725e+00,1.82500e+00,1.21525e-02,8.32570e-03
70,1,2.43575e+00,1.82500e+00,1.16764e-02,8.11596e-03
71,1,2.45425e+00,1.82500e+00,1.12058e-02,7.89851e-03
72,1,2.47275e+00,1.82500e+00,1.07408e-02,7.67355e-03
73,1,2.49125e+00,1.82500e+00,1.02818e-02,7.44131e-03
74,1,2.50975e+00,1.82500e+00,9.82913e-03,7.20204e-03
75,1,2.52825e+00,1.82500e+00,9.38305e-03,6.95593e-03
76,1,2.54675e+00,1.82500e+00,8.94382e-03,6.70321e-03
77,1,2.56525e+00,1.82500e+00,8.51171e-03,6.44410e-03
78,1,2.58375e+00,1.82500e+00,8.08694e-03,6.17879e-03
79,1,2.60225e+00,1.82500e+00,7.66975e-03,5.90749e-03
80,1,2.62075e+00,1.82500e+00,7.26032e-03,5.63040e-03
81,1,2.63925e+00,1.82500e+00,6.85885e-03,5.34769e-03
82,1,2.65775e+00,1.82500e+00,6.46548e-03,5.05955e-03
83,1,2.67625e+00,1.82500e+00,6.08036e-03,4.76614e-03
84,1,2.69475e+00,1.82500e+00,5.70361e-03,4.46764e-03
85,1,2.71325e+00,1.82500e+00,5.33534e-03,4.16419e-03
86,1,2.73175e+00,1.82500e+00,4.97561e-03,3.85593e-03
87,1,2.75025e+00,1.82500e+00,4.62450e-03,3.54298e-03
88,1,2.76875e+00,1.82500e+00,4.28206e-03,3.22549e-03
89,1,2.78725e+00,1.82500e+00,3.94830e-03,2.90355e-03
90,1,2.80575e+00,1.82500e+00,3.62326e-03,2.57726e-03
91,1,2.82425e+00,1.82500e+00,3.30692e-03,2.24671e-03
92,1,2.84275e+00,1.82500e+00,2.99927e-03,1.91197e-03
93,1,2.86125e+00,1.82500e+00,2.70028e-03,1.57310e-03
94,1,2.87975e+00,1.82500e+00,2.40991e-03,1.23015e-03
95,1,2.89825e+00,1.82500e+00,2.12811e-03,8.83162e-04
96,1,2.91675e+00,1.82500e+00,1.85482e-03,5.32137e-04
97,1,2.93525e+00,1.82500e+00,1.58995e-03,1.77085e-04
98,1,2.95375e+00,1.82500e+00,1.33343e-03,-1.81990e-04
99,1,2.97225e+00,1.82500e+00,1.08517e-03,-5.45137e-04
100,1,2.99075e+00,1.82500e+00,8.45060e-04,-9.12397e-04
1,2,1.15925e+00,2.07500e+00,8.88447e-03,1.37822e-03
2,2,1.17775e+00,2.07500e+00,1.36800e-02,2.14314e-03
3,2,1.19625e+00,2.07500e+00,1.82888e-02,3.12341e-03
4,2,1.21475e+00,2.07500e+00,2.02868e-02,3.88904e-03
5,2,1.23325e+00,2.07500e+00,1.91805e-02,3.97174e-03
6,2,1.25175e+00,2.07500e+00,1.69174e-02,3.60744e-03
7,2,1.27025e+00,2.07500e+00,1.50437e-02,3.22187e-03
8,2,1.28875e+00,2.07500e+00,1.39553e-02,2.96479e-03
9,2,1.30725e+00,2.07500e+00,1.35216e-02,2.83427e-03
10,2,1.32575e+00,2.07500e+00,1.35004e-02,2.79898e-03
11,2,1.34425e+00,2.07500e+00,1.36854e-02,2.83290e-03
12,2,1.36275e+00,2.07500e+00,1.39560e-02,2.91965e-03
13,2,1.38125e+00,2.07500e+00,1.42890e-02,3.05137e-03
14,2,1.39975e+00,2.07500e+00,1.47487e-02,3.22826e-03
15,2,1.41825e+00,2.07500e+00,1.54809e-02,3.46081e-03
16,2,1.43675e+00,2.07500e+00,1.67365e-02,3.77633e-03
17,2,1.45525e+00,2.07500e+00,1.89239e-02,4.23147e-03
18,2,1.47375e+00,2.07500e+00,2.24406e-02,4.90927e-03
19,2,1.49225e+00,2.07500e+00,2.61200e-02,5.74532e-03
20,2,1.51075e+00,2.07500e+00,2.61001e-02,6.12027e-03
21,2,1.52925e+00,2.07500e+00,2.28565e-02,5.77232e-03
22,2,1.54775e+00,2.07500e+00,2.00741e-02,5.37506e-03
23,2,1.56625e+00,2.07500e+00,1.85742e-02,5.19258e-03
24,2,1.58475e+00,2.07500e+00,1.80087e-02,5.17838e-03
25,2,1.60325e+00,2.07500e+00,1.80965e-02,5.27619e-03
26,2,1.62175e+00,2.07500e+00,1.87448e-02,5.46505e-03
27,2,1.64025e+00,2.07500e+00,1.99851e-02,5.75524e-03
28,2,1.65875e+00,2.07500e+00,2.18356e-02,6.17816e-03
29,2,1.67725e+00,2.07500e+00,2.38798e-02,6.71901e-03
30,2,1.69575e+00,2.07500e+00,2.46571e-02,7.12002e-03
31,2,1.71425e+00,2.07500e+00,2.33167e-02,7.05941e-03
32,2,1.73275e+00,2.07500e+00,2.13585e-02,6.77338e-03
33,2,1.75125e+00,2.07500e+00,1.99242e-02,6.56175e-03
34,2,1.76975e+00,2.07500e+00,1.90711e-02,6.46378e-03
35,2,1.78825e+00,2.07500e+00,1.85940e-02,6.44126e-03
36,2,1.80675e+00,2.07500e+00,1.83270e-02,6.46153e-03
37,2,1.82525e+00,2.07500e+00,1.81642e-02,6.50490e-03
38,2,1.84375e+00,2.07500e+00,1.80385e-02,6.56004e-03
39,2,1.86225e+00,2.07500e+00,1.79064e-02,6.62028e-03
40,2,1.88075e+00,2.07500e+00,1.77398e-02,6.68161e-03
41,2,1.89925e+00,2.07500e+00,1.75237e-02,6.74143e-03
42,2,1.91775e+00,2.07500e+00,1.72539e-02,6.79805e-03
43,2,1.93625e+00,2.07500e+00,1.69351e-02,6.85031e-03
44,2,1.95475e+00,2.07500e+00,1.65781e-02,6.89741e-03
45,2,1.97325e+00,2.07500e+00,1.61959e-02,6.93876e-03
46,2,1.99175e+00,2.07500e+00,1.58008e-02,6.97393e-03
47,2,2.01025e+00,2.07500e+00,1.54027e-02,7.00262e-03
48,2,2.02875e+00,2.07500e+00,1.50085e-02,7.02459e-03
49,2,2.04725e+00,2.07500e+00,1.46223e-02,7.03969e-03
50,2,2.06575e+00,2.07500e+00,1.42456e-02,7.04778e-03
51,2,2.08425e+00,2.07500e+00,1.38789e-02,7.04880e-03
52,2,2.10275e+00,2.07500e+00,1.35213e-02,7.04269e-03
53,2,2.12125e+00,2.07500e+00,1.31716e-02,7.02944e-03
54,2,2.13975e+00,2.07500e+00,1.28285e-02,7.00905e-03
55,2,2.15825e+00,2.07500e+00,1.24907e-02,6.98155e-03
56,2,2.17675e+00,2.07500e+00,1.21570e-02,6.94698e-03
57,2,2.19525e+00,2.07500e+00,1.18266e-02,6.90538e-03
58,2,2.21375e+00,2.07500e+00,1.14985e-02,6.85683e-03
59,2,2.23225e+00,2.07500e+00,1.11723e-02,6.80140e-03
60,2,2.25075e+00,2.07500e+00,1.08474e-02,6.73919e-03
61,2,2.26925e+00,2.07500e+00,1.05237e-02,6.67028e-03
62,2,2.28775e+00,2.07500e+00,1.02010e-02,6.59479e-03
63,2,2.30625e+00,2.07500e+00,9.87922e-03,6.51281e-03
64,2,2.32475e+00,2.07500e+00,9.55842e-03,6.42447e-03
65,2,2.34325e+00,2.07500e+00,9.23871e-03,6.32990e-03
66,2,2.36175e+00,2.07500e+00,8.92024e-03,6.22922e-03
67,2,2.38025e+00,2.07500e+00,8.60320e-03,6.12255e-03
68,2,2.39875e+00,2.07500e+00,8.28781e-03,6.01002e-03
69,2,2.41725e+00,2.07500e+00,7.97431e-03,5.89177e-03
70,2,2.43575e+00,2.07500e+00,7.66294e-03,5.76794e-03
71,2,2.45425e+00,2.07500e+00,7.35396e-03,5.63865e-03
72,2,2.47275e+00,2.07500e+00,7.04763e-03,5.50405e-03
73,2,2.49125e+00,2.07500e+00,6.74420e-03,5.36425e-03
74,2,2.50975e+00,2.07500e+00,6.44392e-03,5.21942e-03
75,2,2.52825e+00,2.07500e+00,6.14704e-03,5.06965e-03
76,2,2.54675e+00,2.07500e+00,5.85377e-03,4.91510e-03
77,2,2.56525e+00,2.07500e+00,5.56434e-03,4.75590e-03
78,2,2.58375e+00,2.07500e+00,5.27895e-03,4.59214e-03
79,2,2.60225e+00,2.07500e+00,4.99780e-03,4.42398e-03
80,2,2.62075e+00,2.07500e+00,4.72106e-03,4.25152e-03
81,2,2.63925e+00,2.07500e+00,4.44889e-03,4.07487e-03
82,2,2.65775e+00,2.07500e+00,4.18145e-03,3.89414e-03
83,2,2.67625e+00,2.07500e+00,3.91886e-03,3.70943e-03
84,2,2.69475e+00,2.07500e+00,3.66126e-03,3.52084e-03
85,2,2.71325e+00,2.07500e+00,3.40873e-03,3.32847e-03
86,2,2.73175e+00,2.07500e+00,3.16139e-03,3.13239e-03
87,2,2.75025e+00,2.07500e+00,2.91929e-03,2.93269e-03
88,2,2.76875e+00,2.07500e+00,2.68252e-03,2.72944e-03
89,2,2.78725e+00,2.07500e+00,2.45111e-03,2.52270e-03
90,2,2.80575e+00,2.07500e+00,2.22512e-03,2.31253e-03
91,2,2.82425e+00,2.07500e+00,2.00457e-03,2.09898e-03
92,2,2.84275e+00,2.07500e+00,1.78949e-03,1.88210e-03
93,2,2.86125e+00,2.07500e+00,1.57987e-03,1.66190e-03
94,2,2.87975e+00,2.07500e+00,1.37572e-03,1.43843e-03
95,2,2.89825e+00,2.07500e+00,1.17703e-03,1.21168e-03
96,2,2.91675e+00,2.07500e+00,9.83774e-04,9.81672e-04
97,2,2.93525e+00,2.07500e+00,7.95934e-04,7.48392e-04
98,2,2.95375e+00,2.07500e+00,6.13474e-04,5.11819e-04
99,2,2.97225e+00,2.07500e+00,4.36353e-04,2.71875e-04
100,2,2.99075e+00,2.07500e+00,2.64525e-04,2.81421e-05
1,3,1.15925e+00,2.32500e+00,4.99227e-03,8.12747e-04
2,3,1.17775e+00,2.32500e+00,7.68526e-03,1.24779e-03
3,3,1.19625e+00,2.32500e+00,1.02808e-02,1.80363e-03
4,3,1.21475e+00,2.32500e+00,1.14302e-02,2.24227e-03
5,3,1.23325e+00,2.32500e+00,1.08596e-02,2.30305e-03
6,3,1.25175e+00,2.32500e+00,9.65364e-03,2.11577e-03
7,3,1.27025e+00,2.32500e+00,8.67205e-03,1.91670e-03
8,3,1.28875e+00,2.32500e+00,8.13369e-03,1.78935e-03
9,3,1.30725e+00,2.32500e+00,7.96299e-03,1.73289e-03
10,3,1.32575e+00,2.32500e+00,8.02115e-03,1.73006e-03
11,3,1.34425e+00,2.32500e+00,8.18959e-03,1.76655e-03
12,3,1.36275e+00,2.32500e+00,8.39967e-03,1.83343e-03
13,3,1.38125e+00,2.32500e+00,8.64024e-03,1.92656e-03
14,3,1.39975e+00,2.32500e+00,8.95251e-03,2.04654e-03
15,3,1.41825e+00,2.32500e+00,9.42642e-03,2.20006e-03
16,3,1.43675e+00,2.32500e+00,1.02158e-02,2.40401e-03
17,3,1.45525e+00,2.32500e+00,1.15701e-02,2.69315e-03
18,3,1.47375e+00,2.32500e+00,1.37324e-02,3.11849e-03
19,3,1.49225e+00,2.32500e+00,1.59991e-02,3.64141e-03
20,3,1.51075e+00,2.32500e+00,1.60183e-02,3.88394e-03
21,3,1.52925e+00,2.32500e+00,1.40727e-02,3.68439e-03
22,3,1.54775e+00,2.32500e+00,1.24069e-02,3.45372e-03
23,3,1.56625e+00,2.32500e+00,1.15213e-02,3.35393e-03
24,3,1.58475e+00,2.32500e+00,1.12038e-02,3.35687e-03
25,3,1.60325e+00,2.32500e+00,1.12837e-02,3.42806e-03
26,3,1.62175e+00,2.32500e+00,1.17049e-02,3.55433e-03
27,3,1.64025e+00,2.32500e+00,1.24902e-02,3.74152e-03
28,3,1.65875e+00,2.32500e+00,1.36571e-02,4.00917e-03
29,3,1.67725e+00,2.32500e+00,1.49539e-02,4.35442e-03
30,3,1.69575e+00,2.32500e+00,1.54722e-02,4.63289e-03
31,3,1.71425e+00,2.32500e+00,1.46777e-02,4.63041e-03
32,3,1.73275e+00,2.32500e+00,1.34959e-02,4.46808e-03
33,3,1.75125e+00,2.32500e+00,1.26339e-02,4.34381e-03
34,3,1.76975e+00,2.32500e+00,1.21288e-02,4.29093e-03
35,3,1.78825e+00,2.32500e+00,1.18545e-02,4.28675e-03
36,3,1.80675e+00,2.32500e+00,1.17090e-02,4.31039e-03
37,3,1.82525e+00,2.32500e+00,1.16270e-02,4.34910e-03
38,3,1.84375e+00,2.32500e+00,1.15673e-02,4.39552e-03
39,3,1.86225e+00,2.32500e+00,1.15030e-02,4.44536e-03
40,3,1.88075e+00,2.32500e+00,1.14168e-02,4.49599e-03
41,3,1.89925e+00,2.32500e+00,1.12993e-02,4.54575e-03
42,3,1.91775e+00,2.32500e+00,1.11478e-02,4.59350e-03
43,3,1.93625e+00,2.32500e+00,1.09653e-02,4.63852e-03
44,3,1.95475e+00,2.32500e+00,1.07581e-02,4.68024e-03
45,3,1.97325e+00,2.32500e+00,1.05340e-02,4.71827e-03
46,3,1.99175e+00,2.32500e+00,1.03006e-02,4.75234e-03
47,3,2.01025e+00,2.32500e+00,1.00639e-02,4.78221e-03
48,3,2.02875e+00,2.32500e+00,9.82813e-03,4.80773e-03
49,3,2.04725e+00,2.32500e+00,9.59566e-03,4.82876e-03
50,3,2.06575e+00,2.32500e+00,9.36761e-03,4.84521e-03
51,3,2.08425e+00,2.32500e+00,9.14410e-03,4.85702e-03
52,3,2.10275e+00,2.32500e+00,8.92474e-03,4.86413e-03
53,3,2.12125e+00,2.32500e+00,8.70881e-03,4.86652e-03
54,3,2.13975e+00,2.32500e+00,8.49553e-03,4.86417e-03
55,3,2.15825e+00,2.32500e+00,8.28416e-03,4.85707e-03
56,3,2.17675e+00,2.32500e+00,8.07401e-03,4.84524e-03
57,3,2.19525e+00,2.32500e+00,7.86454e-03,4.82870e-03
58,3,2.21375e+00,2.32500e+00,7.65532e-03,4.80747e-03
59,3,2.23225e+00,2.32500e+00,7.44602e-03,4.78159e-03
60,3,2.25075e+00,2.32500e+00,7.23645e-03,4.75109e-03
61,3,2.26925e+00,2.32500e+00,7.02649e-03,4.71604e-03
62,3,2.28775e+00,2.32500e+00,6.81609e-03,4.67648e-03
63,3,2.30625e+00,2.32500e+00,6.60527e-03,4.63247e-03
64,3,2.32475e+00,2.32500e+00,6.39411e-03,4.58408e-03
65,3,2.34325e+00,2.32500e+00,6.18272e-03,4.53137e-03
66,3,2.36175e+00,2.32500e+00,5.97125e-03,4.47441e-03
67,3,2.38025e+00,2.32500e+00,5.75986e-03,4.41327e-03
68,3,2.39875e+00,2.32500e+00,5.54874e-03,4.34804e-03
69,3,2.41725e+00,2.32500e+00,5.33808e-03,4.27877e-03
70,3,2.43575e+00,2.32500e+00,5.12808e-03,4.20557e-03
71,3,2.45425e+00,2.32500e+00,4.91896e-03,4.12849e-03
72,3,2.47275e+00,2.32500e+00,4.71091e-03,4.04763e-03
73,3,2.49125e+00,2.32500e+00,4.50415e-03,3.96306e-03
74,3,2.50975e+00,2.32500e+00,4.29886e-03,3.87486e-03
75,3,2.52825e+00,2.32500e+00,4.09524e-03,3.78310e-03
76,3,2.54675e+00,2.32500e+00,3.89347e-03,3.68788e-03
77,3,2.56525e+00,2.32500e+00,3.69373e-03,3.58926e-03
78,3,2.58375e+00,2.32500e+00,3.49620e-03,3.48732e-03
79,3,2.60225e+00,2.32500e+00,3.30101e-03,3.38214e-03
80,3,2.62075e+00,2.32500e+00,3.10833e-03,3.27377e-03
81,3,2.63925e+00,2.32500e+00,2.91829e-03,3.16230e-03
82,3,2.65775e+00,2.32500e+00,2.73101e-03,3.04779e-03
83,3,2.67625e+00,2.32500e+00,2.54661e-03,2.93029e-03
84,3,2.69475e+00,2.32500e+00,2.36520e-03,2.80988e-03
85,3,2.71325e+00,2.32500e+00,2.18687e-03,2.68659e-03
86,3,2.73175e+00,2.32500e+00,2.01171e-03,2.56049e-03
87,3,2.75025e+00,2.32500e+00,1.83978e-03,2.43162e-03
88,3,2.76875e+00,2.32500e+00,1.67117e-03,2.30003e-03
89,3,2.78725e+00,2.32500e+00,1.50591e-03,2.16575e-03
90,3,2.80575e+00,2.32500e+00,1.34407e-03,2.02881e-03
91,3,2.82425e+00,2.32500e+00,1.18567e-03,1.88925e-03
92,3,2.84275e+00,2.32500e+00,1.03076e-03,1.74708e-03
93,3,2.86125e+00,2.32500e+00,8.79341e-04,1.60233e-03
94,3,2.87975e+00,2.32500e+00,7.31446e-04,1.45499e-03
95,3,2.89825e+00,2.32500e+00,5.87077e-04,1.30508e-03
96,3,2.91675e+00,2.32500e+00,4.46238e-04,1.15258e-03
97,3,2.93525e+00,2.32500e+00,3.08924e-04,9.97428e-04
98,3,2.95375e+00,2.32500e+00,0.00000e+00,0.00000e+00
99,3,2.97225e+00,2.32500e+00,0.00000e+00,0.00000e+00
100,3,2.99075e+00,2.32500e+00,0.00000e+00,0.00000e+00
1,4,1.15925e+00,2.57500e+00,2.92460e-03,4.98610e-04
2,4,1.17775e+00,2.57500e+00,4.50075e-03,7.55845e-04
3,4,1.19625e+00,2.57500e+00,6.02368e-03,1.08342e-03
4,4,1.21475e+00,2.57500e+00,6.71101e-03,1.34457e-03
5,4,1.23325e+00,2.57500e+00,6.40499e-03,1.38882e-03
6,4,1.25175e+00,2.57500e+00,5.73530e-03,1.29033e-03
7,4,1.27025e+00,2.57500e+00,5.20036e-03,1.18516e-03
8,4,1.28875e+00,2.57500e+00,4.92620e-03,1.12159e-03
9,4,1.30725e+00,2.57500e+00,4.86727e-03,1.09928e-03
10,4,1.32575e+00,2.57500e+00,4.94070e-03,1.10839e-03
11,4,1.34425e+00,2.57500e+00,5.07556e-03,1.14072e-03
12,4,1.36275e+00,2.57500e+00,5.23110e-03,1.19124e-03
13,4,1.38125e+00,2.57500e+00,5.40182e-03,1.25773e-03
14,4,1.39975e+00,2.57500e+00,5.61449e-03,1.34083e-03
15,4,1.41825e+00,2.57500e+00,5.92606e-03,1.44495e-03
16,4,1.43675e+00,2.57500e+00,6.43323e-03,1.58093e-03
17,4,1.45525e+00,2.57500e+00,7.29239e-03,1.77091e-03
18,4,1.47375e+00,2.57500e+00,8.65602e-03,2.04740e-03
19,4,1.49225e+00,2.57500e+00,1.00871e-02,2.38633e-03
20,4,1.51075e+00,2.57500e+00,1.01157e-02,2.54818e-03
21,4,1.52925e+00,2.57500e+00,8.91642e-03,2.42937e-03
22,4,1.54775e+00,2.57500e+00,7.89186e-03,2.29026e-03
23,4,1.56625e+00,2.57500e+00,7.35444e-03,2.23404e-03
24,4,1.58475e+00,2.57500e+00,7.17187e-03,2.24296e-03
25,4,1.60325e+00,2.57500e+00,7.23746e-03,2.29508e-03
26,4,1.62175e+00,2.57500e+00,7.51687e-03,2.38183e-03
27,4,1.64025e+00,2.57500e+00,8.02605e-03,2.50659e-03
28,4,1.65875e+00,2.57500e+00,8.78000e-03,2.68187e-03
29,4,1.67725e+00,2.57500e+00,9.62180e-03,2.90930e-03
30,4,1.69575e+00,2.57500e+00,9.97177e-03,3.10603e-03
31,4,1.71425e+00,2.57500e+00,9.48626e-03,3.12736e-03
32,4,1.73275e+00,2.57500e+00,8.75184e-03,3.03333e-03
33,4,1.75125e+00,2.57500e+00,8.21831e-03,2.95786e-03
34,4,1.76975e+00,2.57500e+00,7.90995e-03,2.92876e-03
35,4,1.78825e+00,2.57500e+00,7.74727e-03,2.93225e-03
36,4,1.80675e+00,2.57500e+00,7.66573e-03,2.95454e-03
37,4,1.82525e+00,2.57500e+00,7.62412e-03,2.98706e-03
38,4,1.84375e+00,2.57500e+00,7.59636e-03,3.02490e-03
39,4,1.86225e+00,2.57500e+00,7.56545e-03,3.06515e-03
40,4,1.88075e+00,2.57500e+00,7.52052e-03,3.10605e-03
41,4,1.89925e+00,2.57500e+00,7.45559e-03,3.14648e-03
42,4,1.91775e+00,2.57500e+00,7.36893e-03,3.18568e-03
43,4,1.93625e+00,2.57500e+00,7.26218e-03,3.22315e-03
44,4,1.95475e+00,2.57500e+00,7.13927e-03,3.25852e-03
45,4,1.97325e+00,2.57500e+00,7.00501e-03,3.29150e-03
46,4,1.99175e+00,2.57500e+00,6.86401e-03,3.32191e-03
47,4,2.01025e+00,2.57500e+00,6.72000e-03,3.34957e-03
48,4,2.02875e+00,2.57500e+00,6.57556e-03,3.37438e-03
49,4,2.04725e+00,2.57500e+00,6.43221e-03,3.39623e-03
50,4,2.06575e+00,2.57500e+00,6.29061e-03,3.41505e-03
51,4,2.08425e+00,2.57500e+00,6.15085e-03,3.43078e-03
52,4,2.10275e+00,2.57500e+00,6.01269e-03,3.44338e-03
53,4,2.12125e+00,2.57500e+00,5.87571e-03,3.45282e-03
54,4,2.13975e+00,2.57500e+00,5.73944e-03,3.45908e-03
55,4,2.15825e+00,2.57500e+00,5.60343e-03,3.46214e-03
56,4,2.17675e+00,2.57500e+00,5.46729e-03,3.46199e-03
57,4,2.19525e+00,2.57500e+00,5.33070e-03,3.45865e-03
58,4,2.21375e+00,2.57500e+00,5.19342e-03,3.45211e-03
59,4,2.23225e+00,2.57500e+00,5.05528e-03,3.44240e-03
60,4,2.25075e+00,2.57500e+00,4.91617e-03,3.42952e-03
61,4,2.26925e+00,2.57500e+00,4.77606e-03,3.41350e-03
62,4,2.28775e+00,2.57500e+00,4.63495e-03,3.39438e-03
63,4,2.30625e+00,2.57500e+00,4.49289e-03,3.37217e-03
64,4,2.32475e+00,2.57500e+00,4.34995e-03,3.34691e-03
65,4,2.34325e+00,2.57500e+00,4.20623e-03,3.31863e-03
66,4,2.36175e+00,2.57500e+00,4.06187e-03,3.28738e-03
67,4,2.38025e+00,2.57500e+00,3.91698e-03,3.25320e-03
68,4,2.39875e+00,2.57500e+00,3.77174e-03,3.21612e-03
69,4,2.41725e+00,2.57500e+00,3.62628e-03,3.17620e-03
70,4,2.43575e+00,2.57500e+00,3.48077e-03,3.13348e-03
71,4,2.45425e+00,2.57500e+00,3.33536e-03,3.08799e-03
72,4,2.47275e+00,2.57500e+00,3.19023e-03,3.03980e-03
73,4,2.49125e+00,2.57500e+00,3.04552e-03,2.98894e-03
74,4,2.50975e+00,2.57500e+00,2.90139e-03,2.93547e-03
75,4,2.52825e+00,2.57500e+00,2.75800e-03,2.87943e-03
76,4,2.54675e+00,2.57500e+00,2.61548e-03,2.82086e-03
77,4,2.56525e+00,2.57500e+00,2.47397e-03,2.75982e-03
78,4,2.58375e+00,2.57500e+00,2.33361e-03,2.69635e-03
79,4,2.60225e+00,2.57500e+00,2.19452e-03,2.63050e-03
80,4,2.62075e+00,2.57500e+00,2.05681e-03,2.56230e-03
81,4,2.63925e+00,2.57500e+00,1.92061e-03,2.49179e-03
82,4,2.65775e+00,2.57500e+00,1.78601e-03,2.41903e-03
83,4,2.67625e+00,2.57500e+00,1.65310e-03,2.34404e-03
84,4,2.69475e+00,2.57500e+00,1.52198e-03,2.26686e-03
85,4,2.71325e+00,2.57500e+00,1.39273e-03,2.18752e-03
86,4,2.73175e+00,2.57500e+00,1.26541e-03,2.10606e-03
87,4,2.75025e+00,2.57500e+00,1.14009e-03,2.02250e-03
88,4,2.76875e+00,2.57500e+00,1.01683e-03,1.93687e-03
89,4,2.78725e+00,2.57500e+00,8.95689e-04,1.84919e-03
90,4,2.80575e+00,2.57500e+00,7.76702e-04,1.75948e-03
91,4,2.82425e+00,2.57500e+00,6.59911e-04,1.66775e-03
92,4,2.84275e+00,2.57500e+00,5.45348e-04,1.57401e-03
93,4,2.86125e+00,2.57500e+00,4.33041e-04,1.47827e-03
94,4,2.87975e+00,2.57500e+00,3.23010e-04,1.38053e-03
95,4,2.89825e+00,2.57500e+00,2.15271e-04,1.28070e-03
96,4,2.91675e+00,2.57500e+00,0.00000e+00,0.00000e+00
97,4,2.93525e+00,2.57500e+00,0.00000e+00,0.00000e+00
98,4,2.95375e+00,2.57500e+00,0.00000e+00,0.00000e+00
99,4,2.97225e+00,2.57500e+00,0.00000e+00,0.00000e+00
100,4,2.99075e+00,2.57500e+00,0.00000e+00,0.00000e+00
1,5,1.15925e+00,2.82500e+00,1.77409e-03,3.16247e-04
2,5,1.17775e+00,2.82500e+00,2.72906e-03,4.73443e-04
3,5,1.19625e+00,2.82500e+00,3.65382e-03,6.72869e-04
4,5,1.21475e+00,2.82500e+00,4.07850e-03,8.33489e-04
5,5,1.23325e+00,2.82500e+00,3.90912e-03,8.65744e-04
6,5,1.25175e+00,2.82500e+00,3.52439e-03,8.13354e-04
7,5,1.27025e+00,2.82500e+00,3.22343e-03,7.57114e-04
8,5,1.28875e+00,2.82500e+00,3.08133e-03,7.25815e-04
9,5,1.30725e+00,2.82500e+00,3.06967e-03,7.19320e-04
10,5,1.32575e+00,2.82500e+00,3.13722e-03,7.31831e-04
11,5,1.34425e+00,2.82500e+00,3.24007e-03,7.58535e-04
12,5,1.36275e+00,2.82500e+00,3.35317e-03,7.96500e-04
13,5,1.38125e+00,2.82500e+00,3.47374e-03,8.44525e-04
14,5,1.39975e+00,2.82500e+00,3.61946e-03,9.03185e-04
15,5,1.41825e+00,2.82500e+00,3.82719e-03,9.75476e-04
16,5,1.43675e+00,2.82500e+00,4.15909e-03,1.06856e-03
17,5,1.45525e+00,2.82500e+00,4.71537e-03,1.19700e-03
18,5,1.47375e+00,2.82500e+00,5.59366e-03,1.38221e-03
19,5,1.49225e+00,2.82500e+00,6.51599e-03,1.60864e-03
20,5,1.51075e+00,2.82500e+00,6.54350e-03,1.71956e-03
21,5,1.52925e+00,2.82500e+00,5.78714e-03,1.64652e-03
22,5,1.54775e+00,2.82500e+00,5.14256e-03,1.55988e-03
23,5,1.56625e+00,2.82500e+00,4.80905e-03,1.52746e-03
24,5,1.58475e+00,2.82500e+00,4.70216e-03,1.53772e-03
25,5,1.60325e+00,2.82500e+00,4.75387e-03,1.57623e-03
26,5,1.62175e+00,2.82500e+00,4.94264e-03,1.63724e-03
27,5,1.64025e+00,2.82500e+00,5.27989e-03,1.72274e-03
28,5,1.65875e+00,2.82500e+00,5.77757e-03,1.84092e-03
29,5,1.67725e+00,2.82500e+00,6.33542e-03,1.99484e-03
30,5,1.69575e+00,2.82500e+00,6.57486e-03,2.13606e-03
31,5,1.71425e+00,2.82500e+00,6.27004e-03,2.16555e-03
32,5,1.73275e+00,2.82500e+00,5.80181e-03,2.11052e-03
33,5,1.75125e+00,2.82500e+00,5.46290e-03,2.06339e-03
34,5,1.76975e+00,2.82500e+00,5.26952e-03,2.04721e-03
35,5,1.78825e+00,2.82500e+00,5.17031e-03,2.05353e-03
36,5,1.80675e+00,2.82500e+00,5.12347e-03,2.07297e-03
37,5,1.82525e+00,2.82500e+00,5.10237e-03,2.09962e-03
38,5,1.84375e+00,2.82500e+00,5.09016e-03,2.13005e-03
39,5,1.86225e+00,2.82500e+00,5.07588e-03,2.16227e-03
40,5,1.88075e+00,2.82500e+00,5.05251e-03,2.19506e-03
41,5,1.89925e+00,2.82500e+00,5.01618e-03,2.22763e-03
42,5,1.91775e+00,2.82500e+00,4.96571e-03,2.25948e-03
43,5,1.93625e+00,2.82500e+00,4.90209e-03,2.29023e-03
44,5,1.95475e+00,2.82500e+00,4.82772e-03,2.31963e-03
45,5,1.97325e+00,2.82500e+00,4.74560e-03,2.34749e-03
46,5,1.99175e+00,2.82500e+00,4.65861e-03,2.37366e-03
47,5,2.01025e+00,2.82500e+00,4.56907e-03,2.39803e-03
48,5,2.02875e+00,2.82500e+00,4.47859e-03,2.42051e-03
49,5,2.04725e+00,2.82500e+00,4.38812e-03,2.44102e-03
50,5,2.06575e+00,2.82500e+00,4.29807e-03,2.45952e-03
51,5,2.08425e+00,2.82500e+00,4.20851e-03,2.47594e-03
52,5,2.10275e+00,2.82500e+00,4.11928e-03,2.49025e-03
53,5,2.12125e+00,2.82500e+00,4.03013e-03,2.50243e-03
54,5,2.13975e+00,2.82500e+00,3.94077e-03,2.51245e-03
55,5,2.15825e+00,2.82500e+00,3.85093e-03,2.52031e-03
56,5,2.17675e+00,2.82500e+00,3.76038e-03,2.52597e-03
57,5,2.19525e+00,2.82500e+00,3.66892e-03,2.52944e-03
58,5,2.21375e+00,2.82500e+00,3.57642e-03,2.53073e-03
59,5,2.23225e+00,2.82500e+00,3.48280e-03,2.52982e-03
60,5,2.25075e+00,2.82500e+00,3.38801e-03,2.52672e-03
61,5,2.26925e+00,2.82500e+00,3.29203e-03,2.52145e-03
62,5,2.28775e+00,2.82500e+00,3.19490e-03,2.51401e-03
63,5,2.30625e+00,2.82500e+00,3.09666e-03,2.50443e-03
64,5,2.32475e+00,2.82500e+00,2.99739e-03,2.49271e-03
65,5,2.34325e+00,2.82500e+00,2.89716e-03,2.47887e-03
66,5,2.36175e+00,2.82500e+00,2.79608e-03,2.46294e-03
67,5,2.38025e+00,2.82500e+00,2.69426e-03,2.44494e-03
68,5,2.39875e+00,2.82500e+00,2.59181e-03,2.42488e-03
69,5,2.41725e+00,2.82500e+00,2.48886e-03,2.40280e-03
70,5,2.43575e+00,2.82500e+00,2.38552e-03,2.37872e-03
71,5,2.45425e+00,2.82500e+00,2.28192e-03,2.35267e-03
72,5,2.47275e+00,2.82500e+00,2.17818e-03,2.32467e-03
73,5,2.49125e+00,2.82500e+00,2.07442e-03,2.29475e-03
74,5,2.50975e+00,2.82500e+00,1.97076e-03,2.26294e-03
75,5,2.52825e+00,2.82500e+00,1.86733e-03,2.22927e-03
76,5,2.54675e+00,2.82500e+00,1.76422e-03,2.19377e-03
77,5,2.56525e+00,2.82500e+00,1.66154e-03,2.15646e-03
78,5,2.58375e+00,2.82500e+00,1.55941e-03,2.11737e-03
79,5,2.60225e+00,2.82500e+00,1.45791e-03,2.07653e-03
80,5,2.62075e+00,2.82500e+00,1.35714e-03,2.03396e-03
81,5,2.63925e+00,2.82500e+00,1.25719e-03,1.98969e-03
82,5,2.65775e+00,2.82500e+00,1.15813e-03,1.94374e-03
83,5,2.67625e+00,2.82500e+00,1.06005e-03,1.89613e-03
84,5,2.69475e+00,2.82500e+00,9.63010e-04,1.84690e-03
85,5,2.71325e+00,2.82500e+00,8.67079e-04,1.79605e-03
86,5,2.73175e+00,2.82500e+00,7.72317e-04,1.74360e-03
87,5,2.75025e+00,2.82500e+00,6.78779e-04,1.68957e-03
88,5,2.76875e+00,2.82500e+00,5.86512e-04,1.63398e-03
89,5,2.78725e+00,2.82500e+00,4.95561e-04,1.57684e-03
90,5,2.80575e+00,2.82500e+00,4.05966e-04,1.51816e-03
91,5,2.82425e+00,2.82500e+00,3.17761e-04,1.45794e-03
92,5,2.84275e+00,2.82500e+00,2.30975e-04,1.39618e-03
93,5,2.86125e+00,2.82500e+00,0.00000e+00,0.00000e+00
94,5,2.87975e+00,2.82500e+00,0.00000e+00,0.00000e+00
95,5,2.89825e+00,2.82500e+00,0.00000e+00,0.00000e+00
96,5,2.91675e+00,2.82500e+00,0.00000e+00,0.00000e+00
97,5,2.93525e+00,2.82500e+00,0.00000e+00,0.00000e+00
98,5,2.95375e+00,2.82500e+00,0.00000e+00,0.00000e+00
99,5,2.97225e+00,2.82500e+00,0.00000e+00,0.00000e+00
100,5,2.99075e+00,2.82500e+00,0.00000e+00,0.00000e+00
1,6,1.15925e+00,3.07500e+00,1.10825e-03,2.06381e-04
2,6,1.17775e+00,3.07500e+00,1.70399e-03,3.05185e-04
3,6,1.19625e+00,3.07500e+00,2.28200e-03,4.30018e-04
4,6,1.21475e+00,3.07500e+00,2.55172e-03,5.31602e-04
5,6,1.23325e+00,3.07500e+00,2.45562e-03,5.55253e-04
6,6,1.25175e+00,3.07500e+00,2.22830e-03,5.27431e-04
7,6,1.27025e+00,3.07500e+00,2.05461e-03,4.97370e-04
8,6,1.28875e+00,3.07500e+00,1.98057e-03,4.82679e-04
9,6,1.30725e+00,3.07500e+00,1.98790e-03,4.83321e-04
10,6,1.32575e+00,3.07500e+00,2.04401e-03,4.95789e-04
11,6,1.34425e+00,3.07500e+00,2.12089e-03,5.17183e-04
12,6,1.36275e+00,3.07500e+00,2.20268e-03,5.45763e-04
13,6,1.38125e+00,3.07500e+00,2.28793e-03,5.80874e-04
14,6,1.39975e+00,3.07500e+00,2.38853e-03,6.22998e-04
15,6,1.41825e+00,3.07500e+00,2.52880e-03,6.74221e-04
16,6,1.43675e+00,3.07500e+00,2.74945e-03,7.39413e-04
17,6,1.45525e+00,3.07500e+00,3.11591e-03,8.28417e-04
18,6,1.47375e+00,3.07500e+00,3.69186e-03,9.55706e-04
19,6,1.49225e+00,3.07500e+00,4.29685e-03,1.11098e-03
20,6,1.51075e+00,3.07500e+00,4.32004e-03,1.18878e-03
21,6,1.52925e+00,3.07500e+00,3.83369e-03,1.14261e-03
22,6,1.54775e+00,3.07500e+00,3.42037e-03,1.08710e-03
23,6,1.56625e+00,3.07500e+00,3.20948e-03,1.06809e-03
24,6,1.58475e+00,3.07500e+00,3.14610e-03,1.07784e-03
25,6,1.60325e+00,3.07500e+00,3.18608e-03,1.10659e-03
26,6,1.62175e+00,3.07500e+00,3.31568e-03,1.15038e-03
27,6,1.64025e+00,3.07500e+00,3.54315e-03,1.21040e-03
28,6,1.65875e+00,3.07500e+00,3.87775e-03,1.29212e-03
29,6,1.67725e+00,3.07500e+00,4.25400e-03,1.39876e-03
30,6,1.69575e+00,3.07500e+00,4.41977e-03,1.50162e-03
31,6,1.71425e+00,3.07500e+00,4.22394e-03,1.53218e-03
32,6,1.73275e+00,3.07500e+00,3.91884e-03,1.50004e-03
33,6,1.75125e+00,3.07500e+00,3.69876e-03,1.46992e-03
34,6,1.76975e+00,3.07500e+00,3.57468e-03,1.46092e-03
35,6,1.78825e+00,3.07500e+00,3.51270e-03,1.46789e-03
36,6,1.80675e+00,3.07500e+00,3.48524e-03,1.48427e-03
37,6,1.82525e+00,3.07500e+00,3.47471e-03,1.50587e-03
38,6,1.84375e+00,3.07500e+00,3.47002e-03,1.53026e-03
39,6,1.86225e+00,3.07500e+00,3.46397e-03,1.55602e-03
40,6,1.88075e+00,3.07500e+00,3.45195e-03,1.58228e-03
41,6,1.89925e+00,3.07500e+00,3.43141e-03,1.60849e-03
42,6,1.91775e+00,3.07500e+00,3.40152e-03,1.63428e-03
43,6,1.93625e+00,3.07500e+00,3.36288e-03,1.65940e-03
44,6,1.95475e+00,3.07500e+00,3.31698e-03,1.68365e-03
45,6,1.97325e+00,3.07500e+00,3.26572e-03,1.70691e-03
46,6,1.99175e+00,3.07500e+00,3.21091e-03,1.72906e-03
47,6,2.01025e+00,3.07500e+00,3.15401e-03,1.75002e-03
48,6,2.02875e+00,3.07500e+00,3.09605e-03,1.76972e-03
49,6,2.04725e+00,3.07500e+00,3.03762e-03,1.78812e-03
50,6,2.06575e+00,3.07500e+00,2.97898e-03,1.80515e-03
51,6,2.08425e+00,3.07500e+00,2.92017e-03,1.82079e-03
52,6,2.10275e+00,3.07500e+00,2.86109e-03,1.83501e-03
53,6,2.12125e+00,3.07500e+00,2.80159e-03,1.84777e-03
54,6,2.13975e+00,3.07500e+00,2.74148e-03,1.85907e-03
55,6,2.15825e+00,3.07500e+00,2.68060e-03,1.86888e-03
56,6,2.17675e+00,3.07500e+00,2.61881e-03,1.87719e-03
57,6,2.19525e+00,3.07500e+00,2.55599e-03,1.88400e-03
58,6,2.21375e+00,3.07500e+00,2.49207e-03,1.88929e-03
59,6,2.23225e+00,3.07500e+00,2.42700e-03,1.89306e-03
60,6,2.25075e+00,3.07500e+00,2.36077e-03,1.89531e-03
61,6,2.26925e+00,3.07500e+00,2.29338e-03,1.89605e-03
62,6,2.28775e+00,3.07500e+00,2.22486e-03,1.89528e-03
63,6,2.30625e+00,3.07500e+00,2.15525e-03,1.89300e-03
64,6,2.32475e+00,3.07500e+00,2.08463e-03,1.88922e-03
65,6,2.34325e+00,3.07500e+00,2.01304e-03,1.88394e-03
66,6,2.36175e+00,3.07500e+00,1.94058e-03,1.87719e-03
67,6,2.38025e+00,3.07500e+00,1.86732e-03,1.86897e-03
68,6,2.39875e+00,3.07500e+00,1.79336e-03,1.85929e-03
69,6,2.41725e+00,3.07500e+00,1.71879e-03,1.84816e-03
70,6,2.43575e+00,3.07500e+00,1.64370e-03,1.83561e-03
71,6,2.45425e+00,3.07500e+00,1.56819e-03,1.82164e-03
72,6,2.47275e+00,3.07500e+00,1.49234e-03,1.80627e-03
73,6,2.49125e+00,3.07500e+00,1.41625e-03,1.78952e-03
74,6,2.50975e+00,3.07500e+00,1.34002e-03,1.77140e-03
75,6,2.52825e+00,3.07500e+00,1.26372e-03,1.75193e-03
76,6,2.54675e+00,3.07500e+00,1.18745e-03,1.73113e-03
77,6,2.56525e+00,3.07500e+00,1.11129e-03,1.70901e-03
78,6,2.58375e+00,3.07500e+00,1.03531e-03,1.68559e-03
79,6,2.60225e+00,3.07500e+00,9.59599e-04,1.66089e-03
80,6,2.62075e+00,3.07500e+00,8.84218e-04,1.63491e-03
81,6,2.63925e+00,3.07500e+00,8.09238e-04,1.60769e-03
82,6,2.65775e+00,3.07500e+00,7.34722e-04,1.57922e-03
83,6,2.67625e+00,3.07500e+00,6.60731e-04,1.54953e-03
84,6,2.69475e+00,3.07500e+00,5.87320e-04,1.51862e-03
85,6,2.71325e+00,3.07500e+00,5.14541e-04,1.48651e-03
86,6,2.73175e+00,3.07500e+00,4.42442e-04,1.45322e-03
87,6,2.75025e+00,3.07500e+00,3.71066e-04,1.41874e-03
88,6,2.76875e+00,3.07500e+00,3.00455e-04,1.38309e-03
89,6,2.78725e+00,3.07500e+00,2.30643e-04,1.34628e-03
90,6,2.80575e+00,3.07500e+00,0.00000e+00,0.00000e+00
91,6,2.82425e+00,3.07500e+00,0.00000e+00,0.00000e+00
92,6,2.84275e+00,3.07500e+00,0.00000e+00,0.00000e+00
93,6,2.86125e+00,3.07500e+00,0.00000e+00,0.00000e+00
94,6,2.87975e+00,3.07500e+00,0.00000e+00,0.00000e+00
95,6,2.89825e+00,3.07500e+00,0.00000e+00,0.00000e+00
96,6,2.91675e+00,3.07500e+00,0.00000e+00,0.00000e+00
97,6,2.93525e+00,3.07500e+00,0.00000e+00,0.00000e+00
98,6,2.95375e+00,3.07500e+00,0.00000e+00,0.00000e+00
99,6,2.97225e+00,3.07500e+00,0.00000e+00,0.00000e+00
100,6,2.99075e+00,3.07500e+00,0.00000e+00,0.00000e+00
1,7,1.15925e+00,3.32500e+00,7.09755e-04,1.38047e-04
2,7,1.17775e+00,3.32500e+00,1.09068e-03,2.01686e-04
3,7,1.19625e+00,3.32500e+00,1.46092e-03,2.81729e-04
4,7,1.21475e+00,3.32500e+00,1.63628e-03,3.47552e-04
5,7,1.23325e+00,3.32500e+00,1.58071e-03,3.65032e-04
6,7,1.25175e+00,3.32500e+00,1.44325e-03,3.50540e-04
7,7,1.27025e+00,3.32500e+00,1.34097e-03,3.34746e-04
8,7,1.28875e+00,3.32500e+00,1.30278e-03,3.28653e-04
9,7,1.30725e+00,3.32500e+00,1.31661e-03,3.32266e-04
10,7,1.32575e+00,3.32500e+00,1.36119e-03,3.43424e-04
11,7,1.34425e+00,3.32500e+00,1.41822e-03,3.60338e-04
12,7,1.36275e+00,3.32500e+00,1.47738e-03,3.81958e-04
13,7,1.38125e+00,3.32500e+00,1.53792e-03,4.07930e-04
14,7,1.39975e+00,3.32500e+00,1.60793e-03,4.38651e-04
15,7,1.41825e+00,3.32500e+00,1.70374e-03,4.75603e-04
16,7,1.43675e+00,3.32500e+00,1.85246e-03,5.22176e-04
17,7,1.45525e+00,3.32500e+00,2.09751e-03,5.85184e-04
18,7,1.47375e+00,3.32500e+00,2.48105e-03,6.74654e-04
19,7,1.49225e+00,3.32500e+00,2.88393e-03,7.83582e-04
20,7,1.51075e+00,3.32500e+00,2.90238e-03,8.39256e-04
21,7,1.52925e+00,3.32500e+00,2.58444e-03,8.09360e-04
22,7,1.54775e+00,3.32500e+00,2.31507e-03,7.72910e-04
23,7,1.56625e+00,3.32500e+00,2.17959e-03,7.61630e-04
24,7,1.58475e+00,3.32500e+00,2.14170e-03,7.70214e-04
25,7,1.60325e+00,3.32500e+00,2.17229e-03,7.91907e-04
26,7,1.62175e+00,3.32500e+00,2.26247e-03,8.23909e-04
27,7,1.64025e+00,3.32500e+00,2.41823e-03,8.66937e-04
28,7,1.65875e+00,3.32500e+00,2.64661e-03,9.24716e-04
29,7,1.67725e+00,3.32500e+00,2.90409e-03,1.00013e-03
30,7,1.69575e+00,3.32500e+00,3.02001e-03,1.07605e-03
31,7,1.71425e+00,3.32500e+00,2.89178e-03,1.10465e-03
32,7,1.73275e+00,3.32500e+00,2.68938e-03,1.08621e-03
33,7,1.75125e+00,3.32500e+00,2.54386e-03,1.06660e-03
34,7,1.76975e+00,3.32500e+00,2.46274e-03,1.06167e-03
35,7,1.78825e+00,3.32500e+00,2.42326e-03,1.06832e-03
36,7,1.80675e+00,3.32500e+00,2.40689e-03,1.08189e-03
37,7,1.82525e+00,3.32500e+00,2.40184e-03,1.09935e-03
38,7,1.84375e+00,3.32500e+00,2.40069e-03,1.11892e-03
39,7,1.86225e+00,3.32500e+00,2.39862e-03,1.13956e-03
40,7,1.88075e+00,3.32500e+00,2.39257e-03,1.16065e-03
41,7,1.89925e+00,3.32500e+00,2.38082e-03,1.18179e-03
42,7,1.91775e+00,3.32500e+00,2.36279e-03,1.20271e-03
43,7,1.93625e+00,3.32500e+00,2.33884e-03,1.22322e-03
44,7,1.95475e+00,3.32500e+00,2.30991e-03,1.24319e-03
45,7,1.97325e+00,3.32500e+00,2.27721e-03,1.26252e-03
46,7,1.99175e+00,3.32500e+00,2.24189e-03,1.28113e-03
47,7,2.01025e+00,3.32500e+00,2.20491e-03,1.29895e-03
48,7,2.02875e+00,3.32500e+00,2.16690e-03,1.31594e-03
49,7,2.04725e+00,3.32500e+00,2.12824e-03,1.33205e-03
50,7,2.06575e+00,3.32500e+00,2.08910e-03,1.34726e-03
51,7,2.08425e+00,3.32500e+00,2.04950e-03,1.36152e-03
52,7,2.10275e+00,3.32500e+00,2.00938e-03,1.37481e-03
53,7,2.12125e+00,3.32500e+00,1.96864e-03,1.38712e-03
54,7,2.13975e+00,3.32500e+00,1.92717e-03,1.39842e-03
55,7,2.15825e+00,3.32500e+00,1.88485e-03,1.40871e-03
56,7,2.17675e+00,3.32500e+00,1.84160e-03,1.41797e-03
57,7,2.19525e+00,3.32500e+00,1.79735e-03,1.42619e-03
58,7,2.21375e+00,3.32500e+00,1.75207e-03,1.43336e-03
59,7,2.23225e+00,3.32500e+00,1.70573e-03,1.43947e-03
60,7,2.25075e+00,3.32500e+00,1.65832e-03,1.44453e-03
61,7,2.26925e+00,3.32500e+00,1.60986e-03,1.44854e-03
62,7,2.28775e+00,3.32500e+00,1.56037e-03,1.45148e-03
63,7,2.30625e+00,3.32500e+00,1.50989e-03,1.45337e-03
64,7,2.32475e+00,3.32500e+00,1.45847e-03,1.45420e-03
65,7,2.34325e+00,3.32500e+00,1.40617e-03,1.45398e-03
66,7,2.36175e+00,3.32500e+00,1.35304e-03,1.45271e-03
67,7,2.38025e+00,3.32500e+00,1.29915e-03,1.45039e-03
68,7,2.39875e+00,3.32500e+00,1.24457e-03,1.44705e-03
69,7,2.41725e+00,3.32500e+00,1.18936e-03,1.44267e-03
70,7,2.43575e+00,3.32500e+00,1.13360e-03,1.43727e-03
71,7,2.45425e+00,3.32500e+00,1.07736e-03,1.43086e-03
72,7,2.47275e+00,3.32500e+00,1.02071e-03,1.42344e-03
73,7,2.49125e+00,3.32500e+00,9.63719e-04,1.41503e-03
74,7,2.50975e+00,3.32500e+00,9.06454e-04,1.40563e-03
75,7,2.52825e+00,3.32500e+00,8.48983e-04,1.39525e-03
76,7,2.54675e+00,3.32500e+00,7.91372e-04,1.38391e-03
77,7,2.56525e+00,3.32500e+00,7.33683e-04,1.37161e-03
78,7,2.58375e+00,3.32500e+00,6.75976e-04,1.35837e-03
79,7,2.60225e+00,3.32500e+00,6.18310e-04,1.34418e-03
80,7,2.62075e+00,3.32500e+00,5.60739e-04,1.32907e-03
81,7,2.63925e+00,3.32500e+00,5.03316e-04,1.31304e-03
82,7,2.65775e+00,3.32500e+00,4.46089e-04,1.29609e-03
83,7,2.67625e+00,3.32500e+00,3.89106e-04,1.27825e-03
84,7,2.69475e+00,3.32500e+00,3.32409e-04,1.25951e-03
85,7,2.71325e+00,3.32500e+00,2.76040e-04,1.23989e-03
86,7,2.73175e+00,3.32500e+00,2.20036e-04,1.21939e-03
87,7,2.75025e+00,3.32500e+00,1.64431e-04,1.19804e-03
88,7,2.76875e+00,3.32500e+00,0.00000e+00,0.00000e+00
89,7,2.78725e+00,3.32500e+00,0.00000e+00,0.00000e+00
90,7,2.80575e+00,3.32500e+00,0.00000e+00,0.00000e+00
91,7,2.82425e+00,3.32500e+00,0.00000e+00,0.00000e+00
92,7,2.84275e+00,3.32500e+00,0.00000e+00,0.00000e+00
93,7,2.86125e+00,3.32500e+00,0.00000e+00,0.00000e+00
94,7,2.87975e+00,3.32500e+00,0.00000e+00,0.00000e+00
95,7,2.89825e+00,3.32500e+00,0.00000e+00,0.00000e+00
96,7,2.91675e+00,3.32500e+00,0.00000e+00,0.00000e+00
97,7,2.93525e+00,3.32500e+00,0.00000e+00,0.00000e+00
98,7,2.95375e+00,3.32500e+00,0.00000e+00,0.00000e+00
99,7,2.97225e+00,3.32500e+00,0.00000e+00,0.00000e+00
100,7,2.99075e+00,3.32500e+00,0.00000e+00,0.00000e+00
1,8,1.15925e+00,3.57500e+00,4.64271e-04,9.43531e-05
2,8,1.17775e+00,3.57500e+00,7.13016e-04,1.36230e-04
3,8,1.19625e+00,3.57500e+00,9.55156e-04,1.88650e-04
4,8,1.21475e+00,3.57500e+00,1.07145e-03,2.32217e-04
5,8,1.23325e+00,3.57500e+00,1.03888e-03,2.45247e-04
6,8,1.25175e+00,3.57500e+00,9.54162e-04,2.38062e-04
7,8,1.27025e+00,3.57500e+00,8.93021e-04,2.30125e-04
8,8,1.28875e+00,3.57500e+00,8.73965e-04,2.28442e-04
9,8,1.30725e+00,3.57500e+00,8.88861e-04,2.33033e-04
10,8,1.32575e+00,3.57500e+00,9.23533e-04,2.42540e-04
11,8,1.34425e+00,3.57500e+00,9.65761e-04,2.55846e-04
12,8,1.36275e+00,3.57500e+00,1.00868e-03,2.72306e-04
13,8,1.38125e+00,3.57500e+00,1.05191e-03,2.91735e-04
14,8,1.39975e+00,3.57500e+00,1.10104e-03,3.14457e-04
15,8,1.41825e+00,3.57500e+00,1.16716e-03,3.41542e-04
16,8,1.43675e+00,3.57500e+00,1.26862e-03,3.75402e-04
17,8,1.45525e+00,3.57500e+00,1.43462e-03,4.20853e-04
18,8,1.47375e+00,3.57500e+00,1.69344e-03,4.84993e-04
19,8,1.49225e+00,3.57500e+00,1.96527e-03,5.62951e-04
20,8,1.51075e+00,3.57500e+00,1.97952e-03,6.03512e-04
21,8,1.52925e+00,3.57500e+00,1.76869e-03,5.83728e-04
22,8,1.54775e+00,3.57500e+00,1.59067e-03,5.59258e-04
23,8,1.56625e+00,3.57500e+00,1.50245e-03,5.52530e-04
24,8,1.58475e+00,3.57500e+00,1.47970e-03,5.59825e-04
25,8,1.60325e+00,3.57500e+00,1.50295e-03,5.76362e-04
26,8,1.62175e+00,3.57500e+00,1.56638e-03,6.00126e-04
27,8,1.64025e+00,3.57500e+00,1.67433e-03,6.31545e-04
28,8,1.65875e+00,3.57500e+00,1.83212e-03,6.73199e-04
29,8,1.67725e+00,3.57500e+00,2.01035e-03,7.27521e-04
30,8,1.69575e+00,3.57500e+00,2.09207e-03,7.84242e-04
31,8,1.71425e+00,3.57500e+00,2.00681e-03,8.09728e-04
32,8,1.73275e+00,3.57500e+00,1.87062e-03,7.99627e-04
33,8,1.75125e+00,3.57500e+00,1.77303e-03,7.86677e-04
34,8,1.76975e+00,3.57500e+00,1.71920e-03,7.84067e-04
35,8,1.78825e+00,3.57500e+00,1.69365e-03,7.90035e-04
36,8,1.80675e+00,3.57500e+00,1.68378e-03,8.01203e-04
37,8,1.82525e+00,3.57500e+00,1.68156e-03,8.15321e-04
38,8,1.84375e+00,3.57500e+00,1.68196e-03,8.31075e-04
39,8,1.86225e+00,3.57500e+00,1.68172e-03,8.47691e-04
40,8,1.88075e+00,3.57500e+00,1.67876e-03,8.64709e-04
41,8,1.89925e+00,3.57500e+00,1.67192e-03,8.81828e-04
42,8,1.91775e+00,3.57500e+00,1.66079e-03,8.98855e-04
43,8,1.93625e+00,3.57500e+00,1.64558e-03,9.15651e-04
44,8,1.95475e+00,3.57500e+00,1.62691e-03,9.32114e-04
45,8,1.97325e+00,3.57500e+00,1.60553e-03,9.48171e-04
46,8,1.99175e+00,3.57500e+00,1.58221e-03,9.63766e-04
47,8,2.01025e+00,3.57500e+00,1.55756e-03,9.78848e-04
48,8,2.02875e+00,3.57500e+00,1.53199e-03,9.93379e-04
49,8,2.04725e+00,3.57500e+00,1.50575e-03,1.00733e-03
50,8,2.06575e+00,3.57500e+00,1.47893e-03,1.02067e-03
51,8,2.08425e+00,3.57500e+00,1.45156e-03,1.03338e-03
52,8,2.10275e+00,3.57500e+00,1.42359e-03,1.04543e-03
53,8,2.12125e+00,3.57500e+00,1.39496e-03,1.05682e-03
54,8,2.13975e+00,3.57500e+00,1.36558e-03,1.06752e-03
55,8,2.15825e+00,3.57500e+00,1.33540e-03,1.07753e-03
56,8,2.17675e+00,3.57500e+00,1.30435e-03,1.08683e-03
57,8,2.19525e+00,3.57500e+00,1.27241e-03,1.09541e-03
58,8,2.21375e+00,3.57500e+00,1.23953e-03,1.10327e-03
59,8,2.23225e+00,3.57500e+00,1.20572e-03,1.11040e-03
60,8,2.25075e+00,3.57500e+00,1.17097e-03,1.11680e-03
61,8,2.26925e+00,3.57500e+00,1.13530e-03,1.12246e-03
62,8,2.28775e+00,3.57500e+00,1.09873e-03,1.12738e-03
63,8,2.30625e+00,3.57500e+00,1.06129e-03,1.13156e-03
64,8,2.32475e+00,3.57500e+00,1.02301e-03,1.13500e-03
65,8,2.34325e+00,3.57500e+00,9.83951e-04,1.13770e-03
66,8,2.36175e+00,3.57500e+00,9.44145e-04,1.13966e-03
67,8,2.38025e+00,3.57500e+00,9.03644e-04,1.14089e-03
68,8,2.39875e+00,3.57500e+00,8.62500e-04,1.14138e-03
69,8,2.41725e+00,3.57500e+00,8.20765e-04,1.14113e-03
70,8,2.43575e+00,3.57500e+00,7.78493e-04,1.14017e-03
71,8,2.45425e+00,3.57500e+00,7.35736e-04,1.13847e-03
72,8,2.47275e+00,3.57500e+00,6.92548e-04,1.13606e-03
73,8,2.49125e+00,3.57500e+00,6.48982e-04,1.13294e-03
74,8,2.50975e+00,3.57500e+00,6.05090e-04,1.12911e-03
75,8,2.52825e+00,3.57500e+00,5.60921e-04,1.12458e-03
76,8,2.54675e+00,3.57500e+00,5.16526e-04,1.11935e-03
77,8,2.56525e+00,3.57500e+00,4.71952e-04,1.11343e-03
78,8,2.58375e+00,3.57500e+00,4.27245e-04,1.10682e-03
79,8,2.60225e+00,3.57500e+00,3.82448e-04,1.09953e-03
80,8,2.62075e+00,3.57500e+00,3.37604e-04,1.09158e-03
81,8,2.63925e+00,3.57500e+00,2.92753e-04,1.08295e-03
82,8,2.65775e+00,3.57500e+00,2.47932e-04,1.07367e-03
83,8,2.67625e+00,3.57500e+00,2.03177e-04,1.06373e-03
84,8,2.69475e+00,3.57500e+00,1.58521e-04,1.05316e-03
85,8,2.71325e+00,3.57500e+00,0.00000e+00,0.00000e+00
86,8,2.73175e+00,3.57500e+00,0.00000e+00,0.00000e+00
87,8,2.75025e+00,3.57500e+00,0.00000e+00,0.00000e+00
88,8,2.76875e+00,3.57500e+00,0.00000e+00,0.00000e+00
89,8,2.78725e+00,3.57500e+00,0.00000e+00,0.00000e+00
90,8,2.80575e+00,3.57500e+00,0.00000e+00,0.00000e+00
91,8,2.82425e+00,3.57500e+00,0.00000e+00,0.00000e+00
92,8,2.84275e+00,3.57500e+00,0.00000e+00,0.00000e+00
93,8,2.86125e+00,3.57500e+00,0.00000e+00,0.00000e+00
94,8,2.87975e+00,3.57500e+00,0.00000e+00,0.00000e+00
95,8,2.89825e+00,3.57500e+00,0.00000e+00,0.00000e+00
96,8,2.91675e+00,3.57500e+00,0.00000e+00,0.00000e+00
97,8,2.93525e+00,3.57500e+00,0.00000e+00,0.00000e+00
98,8,2.95375e+00,3.57500e+00,0.00000e+00,0.00000e+00
99,8,2.97225e+00,3.57500e+00,0.00000e+00,0.00000e+00
100,8,2.99075e+00,3.57500e+00,0.00000e+00,0.00000e+00
1,9,1.15925e+00,3.82500e+00,3.09230e-04,6.57301e-05
2,9,1.17775e+00,3.82500e+00,4.74593e-04,9.38167e-05
3,9,1.19625e+00,3.82500e+00,6.35791e-04,1.28791e-04
4,9,1.21475e+00,3.82500e+00,7.14236e-04,1.58179e-04
5,9,1.23325e+00,3.82500e+00,6.94995e-04,1.67976e-04
6,9,1.25175e+00,3.82500e+00,6.41971e-04,1.64799e-04
7,9,1.27025e+00,3.82500e+00,6.05033e-04,1.61197e-04
8,9,1.28875e+00,3.82500e+00,5.96232e-04,1.61703e-04
9,9,1.30725e+00,3.82500e+00,6.09986e-04,1.66341e-04
10,9,1.32575e+00,3.82500e+00,6.36670e-04,1.74244e-04
11,9,1.34425e+00,3.82500e+00,6.67974e-04,1.84705e-04
12,9,1.36275e+00,3.82500e+00,6.99253e-04,1.97325e-04
13,9,1.38125e+00,3.82500e+00,7.30310e-04,2.12015e-04
14,9,1.39975e+00,3.82500e+00,7.65045e-04,2.29034e-04
15,9,1.41825e+00,3.82500e+00,8.11119e-04,2.49173e-04
16,9,1.43675e+00,3.82500e+00,8.81071e-04,2.74174e-04
17,9,1.45525e+00,3.82500e+00,9.94793e-04,3.07514e-04
18,9,1.47375e+00,3.82500e+00,1.17149e-03,3.54306e-04
19,9,1.49225e+00,3.82500e+00,1.35700e-03,4.11098e-04
20,9,1.51075e+00,3.82500e+00,1.36782e-03,4.41121e-04
21,9,1.52925e+00,3.82500e+00,1.22628e-03,4.27772e-04
22,9,1.54775e+00,3.82500e+00,1.10719e-03,4.11014e-04
23,9,1.56625e+00,3.82500e+00,1.04906e-03,4.07007e-04
24,9,1.58475e+00,3.82500e+00,1.03538e-03,4.13094e-04
25,9,1.60325e+00,3.82500e+00,1.05296e-03,4.25827e-04
26,9,1.62175e+00,3.82500e+00,1.09795e-03,4.43726e-04
27,9,1.64025e+00,3.82500e+00,1.17348e-03,4.67051e-04
28,9,1.65875e+00,3.82500e+00,1.28351e-03,4.97606e-04
29,9,1.67725e+00,3.82500e+00,1.40798e-03,5.37380e-04
30,9,1.69575e+00,3.82500e+00,1.46593e-03,5.80233e-04
31,9,1.71425e+00,3.82500e+00,1.40856e-03,6.02369e-04
32,9,1.73275e+00,3.82500e+00,1.31593e-03,5.97378e-04
33,9,1.75125e+00,3.82500e+00,1.24976e-03,5.88739e-04
34,9,1.76975e+00,3.82500e+00,1.21364e-03,5.87463e-04
35,9,1.78825e+00,3.82500e+00,1.19692e-03,5.92650e-04
36,9,1.80675e+00,3.82500e+00,1.19091e-03,6.01819e-04
37,9,1.82525e+00,3.82500e+00,1.19012e-03,6.13272e-04
38,9,1.84375e+00,3.82500e+00,1.19108e-03,6.26014e-04
39,9,1.86225e+00,3.82500e+00,1.19157e-03,6.39463e-04
40,9,1.88075e+00,3.82500e+00,1.19017e-03,6.53267e-04
41,9,1.89925e+00,3.82500e+00,1.18606e-03,6.67206e-04
42,9,1.91775e+00,3.82500e+00,1.17897e-03,6.81131e-04
43,9,1.93625e+00,3.82500e+00,1.16903e-03,6.94939e-04
44,9,1.95475e+00,3.82500e+00,1.15661e-03,7.08555e-04
45,9,1.97325e+00,3.82500e+00,1.14225e-03,7.21922e-04
46,9,1.99175e+00,3.82500e+00,1.12642e-03,7.34997e-04
47,9,2.01025e+00,3.82500e+00,1.10952e-03,7.47744e-04
48,9,2.02875e+00,3.82500e+00,1.09183e-03,7.60134e-04
49,9,2.04725e+00,3.82500e+00,1.07351e-03,7.72141e-04
50,9,2.06575e+00,3.82500e+00,1.05462e-03,7.83746e-04
51,9,2.08425e+00,3.82500e+00,1.03517e-03,7.94931e-04
52,9,2.10275e+00,3.82500e+00,1.01513e-03,8.05677e-04
53,9,2.12125e+00,3.82500e+00,9.94450e-04,8.15974e-04
54,9,2.13975e+00,3.82500e+00,9.73085e-04,8.25809e-04
55,9,2.15825e+00,3.82500e+00,9.50991e-04,8.35172e-04
56,9,2.17675e+00,3.82500e+00,9.28131e-04,8.44053e-04
57,9,2.19525e+00,3.82500e+00,9.04482e-04,8.52445e-04
58,9,2.21375e+00,3.82500e+00,8.80027e-04,8.60341e-04
59,9,2.23225e+00,3.82500e+00,8.54763e-04,8.67736e-04
60,9,2.25075e+00,3.82500e+00,8.28693e-04,8.74624e-04
61,9,2.26925e+00,3.82500e+00,8.01831e-04,8.81005e-04
62,9,2.28775e+00,3.82500e+00,7.74193e-04,8.86870e-04
63,9,2.30625e+00,3.82500e+00,7.45805e-04,8.92221e-04
64,9,2.32475e+00,3.82500e+00,7.16695e-04,8.97057e-04
65,9,2.34325e+00,3.82500e+00,6.86895e-04,9.01375e-04
66,9,2.36175e+00,3.82500e+00,6.56439e-04,9.05176e-04
67,9,2.38025e+00,3.82500e+00,6.25366e-04,9.08459e-04
68,9,2.39875e+00,3.82500e+00,5.93712e-04,9.11226e-04
69,9,2.41725e+00,3.82500e+00,5.61517e-04,9.13480e-04
70,9,2.43575e+00,3.82500e+00,5.28822e-04,9.15218e-04
71,9,2.45425e+00,3.82500e+00,4.95666e-04,9.16447e-04
72,9,2.47275e+00,3.82500e+00,4.62090e-04,9.17165e-04
73,9,2.49125e+00,3.82500e+00,4.28132e-04,9.17380e-04
74,9,2.50975e+00,3.82500e+00,3.93833e-04,9.17091e-04
75,9,2.52825e+00,3.82500e+00,3.59229e-04,9.16303e-04
76,9,2.54675e+00,3.82500e+00,3.24358e-04,9.15019e-04
77,9,2.56525e+00,3.82500e+00,2.89256e-04,9.13242e-04
78,9,2.58375e+00,3.82500e+00,2.53957e-04,9.10977e-04
79,9,2.60225e+00,3.82500e+00,2.18495e-04,9.08228e-04
80,9,2.62075e+00,3.82500e+00,1.82902e-04,9.05002e-04
81,9,2.63925e+00,3.82500e+00,1.47207e-04,9.01310e-04
82,9,2.65775e+00,3.82500e+00,0.00000e+00,0.00000e+00
83,9,2.67625e+00,3.82500e+00,0.00000e+00,0.00000e+00
84,9,2.69475e+00,3.82500e+00,0.00000e+00,0.00000e+00
85,9,2.71325e+00,3.82500e+00,0.00000e+00,0.00000e+00
86,9,2.73175e+00,3.82500e+00,0.00000e+00,0.00000e+00
87,9,2.75025e+00,3.82500e+00,0.00000e+00,0.00000e+00
88,9,2.76875e+00,3.82500e+00,0.00000e+00,0.00000e+00
89,9,2.78725e+00,3.82500e+00,0.00000e+00,0.00000e+00
90,9,2.80575e+00,3.82500e+00,0.00000e+00,0.00000e+00
91,9,2.82425e+00,3.82500e+00,0.00000e+00,0.00000e+00
92,9,2.84275e+00,3.82500e+00,0.00000e+00,0.00000e+00
93,9,2.86125e+00,3.82500e+00,0.00000e+00,0.00000e+00
94,9,2.87975e+00,3.82500e+00,0.00000e+00,0.00000e+00
95,9,2.89825e+00,3.82500e+00,0.00000e+00,0.00000e+00
96,9,2.91675e+00,3.82500e+00,0.00000e+00,0.00000e+00
97,9,2.93525e+00,3.82500e+00,0.00000e+00,0.00000e+00
98,9,2.95375e+00,3.82500e+00,0.00000e+00,0.00000e+00
99,9,2.97225e+00,3.82500e+00,0.00000e+00,0.00000e+00
100,9,2.99075e+00,3.82500e+00,0.00000e+00,0.00000e+00
1,10,1.15925e+00,4.07500e+00,2.09172e-04,4.65742e-05
2,10,1.17775e+00,4.07500e+00,3.20797e-04,6.57342e-05
3,10,1.19625e+00,4.07500e+00,4.29749e-04,8.94626e-05
4,10,1.21475e+00,4.07500e+00,4.83438e-04,1.09624e-04
5,10,1.23325e+00,4.07500e+00,4.72046e-04,1.17053e-04
6,10,1.25175e+00,4.07500e+00,4.38457e-04,1.16051e-04
7,10,1.27025e+00,4.07500e+00,4.16009e-04,1.14819e-04
8,10,1.28875e+00,4.07500e+00,4.12665e-04,1.16330e-04
9,10,1.30725e+00,4.07500e+00,4.24529e-04,1.20608e-04
10,10,1.32575e+00,4.07500e+00,4.44964e-04,1.27094e-04
11,10,1.34425e+00,4.07500e+00,4.68233e-04,1.35333e-04
12,10,1.36275e+00,4.07500e+00,4.91138e-04,1.45079e-04
13,10,1.38125e+00,4.07500e+00,5.13583e-04,1.56295e-04
14,10,1.39975e+00,4.07500e+00,5.38322e-04,1.69192e-04
15,10,1.41825e+00,4.07500e+00,5.70696e-04,1.84358e-04
16,10,1.43675e+00,4.07500e+00,6.19380e-04,2.03079e-04
17,10,1.45525e+00,4.07500e+00,6.98062e-04,2.27900e-04
18,10,1.47375e+00,4.07500e+00,8.19915e-04,2.62575e-04
19,10,1.49225e+00,4.07500e+00,9.47766e-04,3.04611e-04
20,10,1.51075e+00,4.07500e+00,9.55903e-04,3.27152e-04
21,10,1.52925e+00,4.07500e+00,8.59847e-04,3.17984e-04
22,10,1.54775e+00,4.07500e+00,7.79325e-04,3.06297e-04
23,10,1.56625e+00,4.07500e+00,7.40622e-04,3.03937e-04
24,10,1.58475e+00,4.07500e+00,7.32400e-04,3.08968e-04
25,10,1.60325e+00,4.07500e+00,7.45641e-04,3.18863e-04
26,10,1.62175e+00,4.07500e+00,7.77731e-04,3.32521e-04
27,10,1.64025e+00,4.07500e+00,8.30945e-04,3.50092e-04
28,10,1.65875e+00,4.07500e+00,9.08206e-04,3.72860e-04
29,10,1.67725e+00,4.07500e+00,9.95665e-04,4.02416e-04
30,10,1.69575e+00,4.07500e+00,1.03692e-03,4.35127e-04
31,10,1.71425e+00,4.07500e+00,9.97984e-04,4.54075e-04
32,10,1.73275e+00,4.07500e+00,9.34484e-04,4.52223e-04
33,10,1.75125e+00,4.07500e+00,8.89275e-04,4.46429e-04
34,10,1.76975e+00,4.07500e+00,8.64842e-04,4.45916e-04
35,10,1.78825e+00,4.07500e+00,8.53795e-04,4.50348e-04
36,10,1.80675e+00,4.07500e+00,8.50120e-04,4.57878e-04
37,10,1.82525e+00,4.07500e+00,8.50000e-04,4.67208e-04
38,10,1.84375e+00,4.07500e+00,8.51047e-04,4.77571e-04
39,10,1.86225e+00,4.07500e+00,8.51720e-04,4.88519e-04
40,10,1.88075e+00,4.07500e+00,8.51035e-04,4.99786e-04
41,10,1.89925e+00,4.07500e+00,8.48437e-04,5.11200e-04
42,10,1.91775e+00,4.07500e+00,8.43722e-04,5.22649e-04
43,10,1.93625e+00,4.07500e+00,8.36968e-04,5.34056e-04
44,10,1.95475e+00,4.07500e+00,8.28434e-04,5.45362e-04
45,10,1.97325e+00,4.07500e+00,8.18458e-04,5.56527e-04
46,10,1.99175e+00,4.07500e+00,8.07366e-04,5.67515e-04
47,10,2.01025e+00,4.07500e+00,7.95422e-04,5.78299e-04
48,10,2.02875e+00,4.07500e+00,7.82808e-04,5.88857e-04
49,10,2.04725e+00,4.07500e+00,7.69627e-04,5.99172e-04
50,10,2.06575e+00,4.07500e+00,7.55919e-04,6.09224e-04
51,10,2.08425e+00,4.07500e+00,7.41688e-04,6.19003e-04
52,10,2.10275e+00,4.07500e+00,7.26912e-04,6.28496e-04
53,10,2.12125e+00,4.07500e+00,7.11560e-04,6.37690e-04
54,10,2.13975e+00,4.07500e+00,6.95597e-04,6.46577e-04
55,10,2.15825e+00,4.07500e+00,6.78995e-04,6.55148e-04
56,10,2.17675e+00,4.07500e+00,6.61729e-04,6.63395e-04
57,10,2.19525e+00,4.07500e+00,6.43784e-04,6.71314e-04
58,10,2.21375e+00,4.07500e+00,6.25151e-04,6.78897e-04
59,10,2.23225e+00,4.07500e+00,6.05828e-04,6.86141e-04
60,10,2.25075e+00,4.07500e+00,5.85819e-04,6.93040e-04
61,10,2.26925e+00,4.07500e+00,5.65134e-04,6.99592e-04
62,10,2.28775e+00,4.07500e+00,5.43788e-04,7.05792e-04
63,10,2.30625e+00,4.07500e+00,5.21799e-04,7.11640e-04
64,10,2.32475e+00,4.07500e+00,4.99189e-04,7.17132e-04
65,10,2.34325e+00,4.07500e+00,4.75982e-04,7.22269e-04
66,10,2.36175e+00,4.07500e+00,4.52203e-04,7.27048e-04
67,10,2.38025e+00,4.07500e+00,4.27881e-04,7.31470e-04
68,10,2.39875e+00,4.07500e+00,4.03044e-04,7.35533e-04
69,10,2.41725e+00,4.07500e+00,3.77721e-04,7.39240e-04
70,10,2.43575e+00,4.07500e+00,3.51943e-04,7.42591e-04
71,10,2.45425e+00,4.07500e+00,3.25738e-04,7.45587e-04
72,10,2.47275e+00,4.07500e+00,2.99137e-04,7.48227e-04
73,10,2.49125e+00,4.07500e+00,2.72170e-04,7.50515e-04
74,10,2.50975e+00,4.07500e+00,2.44865e-04,7.52453e-04
75,10,2.52825e+00,4.07500e+00,2.17251e-04,7.54042e-04
76,10,2.54675e+00,4.07500e+00,1.89356e-04,7.55286e-04
77,10,2.56525e+00,4.07500e+00,1.61206e-04,7.56189e-04
78,10,2.58375e+00,4.07500e+00,1.32828e-04,7.56759e-04
79,10,2.60225e+00,4.07500e+00,1.04246e-04,7.57046e-04
80,10,2.62075e+00,4.07500e+00,0.00000e+00,0.00000e+00
81,10,2.63925e+00,4.07500e+00,0.00000e+00,0.00000e+00
82,10,2.65775e+00,4.07500e+00,0.00000e+00,0.00000e+00
83,10,2.67625e+00,4.07500e+00,0.00000e+00,0.00000e+00
84,10,2.69475e+00,4.07500e+00,0.00000e+00,0.00000e+00
85,10,2.71325e+00,4.07500e+00,0.00000e+00,0.00000e+00
86,10,2.73175e+00,4.07500e+00,0.00000e+00,0.00000e+00
87,10,2.75025e+00,4.07500e+00,0.00000e+00,0.00000e+00
88,10,2.76875e+00,4.07500e+00,0.00000e+00,0.00000e+00
89,10,2.78725e+00,4.07500e+00,0.00000e+00,0.00000e+00
90,10,2.80575e+00,4.07500e+00,0.00000e+00,0.00000e+00
91,10,2.82425e+00,4.07500e+00,0.00000e+00,0.00000e+00
92,10,2.84275e+00,4.07500e+00,0.00000e+00,0.00000e+00
93,10,2.86125e+00,4.07500e+00,0.00000e+00,0.00000e+00
94,10,2.87975e+00,4.07500e+00,0.00000e+00,0.00000e+00
95,10,2.89825e+00,4.07500e+00,0.00000e+00,0.00000e+00
96,10,2.91675e+00,4.07500e+00,0.00000e+00,0.00000e+00
97,10,2.93525e+00,4.07500e+00,0.00000e+00,0.00000e+00
98,10,2.95375e+00,4.07500e+00,0.00000e+00,0.00000e+00
99,10,2.97225e+00,4.07500e+00,0.00000e+00,0.00000e+00
100,10,2.99075e+00,4.07500e+00,0.00000e+00,0.00000e+00
